0123
0124
0125
0132
0134
0135
0142
0143
0145
0152
0153
0154
0213
0214
0215
0231
0234
0235
0241
0243
0245
0251
0253
0254
0312
0314
0315
0321
0324
0325
0341
0342
0345
0351
0352
0354
0412
0413
0415
0421
0423
0425
0431
0432
0435
0451
0452
0453
0512
0513
0514
0521
0523
0524
0531
0532
0534
0541
0542
0543
1023
1024
1025
1032
1034
1035
1042
1043
1045
1052
1053
1054
1203
1204
1205
1230
1234
1235
1240
1243
1245
1250
1253
1254
1302
1304
1305
1320
1324
1325
1340
1342
1345
1350
1352
1354
1402
1403
1405
1420
1423
1425
1430
1432
1435
1450
1452
1453
1502
1503
1504
1520
1523
1524
1530
1532
1534
1540
1542
1543
2013
2014
2015
2031
2034
2035
2041
2043
2045
2051
2053
2054
2103
2104
2105
2130
2134
2135
2140
2143
2145
2150
2153
2154
2301
2304
2305
2310
2314
2315
2340
2341
2345
2350
2351
2354
2401
2403
2405
2410
2413
2415
2430
2431
2435
2450
2451
2453
2501
2503
2504
2510
2513
2514
2530
2531
2534
2540
2541
2543
3012
3014
3015
3021
3024
3025
3041
3042
3045
3051
3052
3054
3102
3104
3105
3120
3124
3125
3140
3142
3145
3150
3152
3154
3201
3204
3205
3210
3214
3215
3240
3241
3245
3250
3251
3254
3401
3402
3405
3410
3412
3415
3420
3421
3425
3450
3451
3452
3501
3502
3504
3510
3512
3514
3520
3521
3524
3540
3541
3542
4012
4013
4015
4021
4023
4025
4031
4032
4035
4051
4052
4053
4102
4103
4105
4120
4123
4125
4130
4132
4135
4150
4152
4153
4201
4203
4205
4210
4213
4215
4230
4231
4235
4250
4251
4253
4301
4302
4305
4310
4312
4315
4320
4321
4325
4350
4351
4352
4501
4502
4503
4510
4512
4513
4520
4521
4523
4530
4531
4532
5012
5013
5014
5021
5023
5024
5031
5032
5034
5041
5042
5043
5102
5103
5104
5120
5123
5124
5130
5132
5134
5140
5142
5143
5201
5203
5204
5210
5213
5214
5230
5231
5234
5240
5241
5243
5301
5302
5304
5310
5312
5314
5320
5321
5324
5340
5341
5342
5401
5402
5403
5410
5412
5413
5420
5421
5423
5430
5431
5432