012345
102345
201345
021345
120345
210345
213045
123045
321045
231045
132045
312045
302145
032145
230145
320145
023145
203145
103245
013245
310245
130245
031245
301245
401235
041235
140235
410235
014235
104235
102435
012435
210435
120435
021435
201435
241035
421035
124035
214035
412035
142035
042135
402135
204135
024135
420135
240135
340125
430125
034125
304125
403125
043125
041325
401325
104325
014325
410325
140325
130425
310425
013425
103425
301425
031425
431025
341025
143025
413025
314025
134025
234015
324015
423015
243015
342015
432015
430215
340215
043215
403215
304215
034215
024315
204315
402315
042315
240315
420315
320415
230415
032415
302415
203415
023415
123405
213405
312405
132405
231405
321405
324105
234105
432105
342105
243105
423105
413205
143205
341205
431205
134205
314205
214305
124305
421305
241305
142305
412305
412350
142350
241350
421350
124350
214350
213450
123450
321450
231450
132450
312450
342150
432150
234150
324150
423150
243150
143250
413250
314250
134250
431250
341250
541230
451230
154230
514230
415230
145230
142530
412530
214530
124530
421530
241530
251430
521430
125430
215430
512430
152430
452130
542130
245130
425130
524130
254130
354120
534120
435120
345120
543120
453120
451320
541320
145320
415320
514320
154320
134520
314520
413520
143520
341520
431520
531420
351420
153420
513420
315420
135420
235410
325410
523410
253410
352410
532410
534210
354210
453210
543210
345210
435210
425310
245310
542310
452310
254310
524310
324510
234510
432510
342510
243510
423510
123540
213540
312540
132540
231540
321540
325140
235140
532140
352140
253140
523140
513240
153240
351240
531240
135240
315240
215340
125340
521340
251340
152340
512340
512043
152043
251043
521043
125043
215043
210543
120543
021543
201543
102543
012543
052143
502143
205143
025143
520143
250143
150243
510243
015243
105243
501243
051243
451203
541203
145203
415203
514203
154203
152403
512403
215403
125403
521403
251403
241503
421503
124503
214503
412503
142503
542103
452103
254103
524103
425103
245103
045123
405123
504123
054123
450123
540123
541023
451023
154023
514023
415023
145023
105423
015423
510423
150423
051423
501423
401523
041523
140523
410523
014523
104523
204513
024513
420513
240513
042513
402513
405213
045213
540213
450213
054213
504213
524013
254013
452013
542013
245013
425013
025413
205413
502413
052413
250413
520413
120453
210453
012453
102453
201453
021453
024153
204153
402153
042153
240153
420153
410253
140253
041253
401253
104253
014253
214053
124053
421053
241053
142053
412053
413052
143052
341052
431052
134052
314052
310452
130452
031452
301452
103452
013452
043152
403152
304152
034152
430152
340152
140352
410352
014352
104352
401352
041352
541302
451302
154302
514302
415302
145302
143502
413502
314502
134502
431502
341502
351402
531402
135402
315402
513402
153402
453102
543102
345102
435102
534102
354102
054132
504132
405132
045132
540132
450132
451032
541032
145032
415032
514032
154032
104532
014532
410532
140532
041532
401532
501432
051432
150432
510432
015432
105432
305412
035412
530412
350412
053412
503412
504312
054312
450312
540312
045312
405312
435012
345012
543012
453012
354012
534012
034512
304512
403512
043512
340512
430512
130542
310542
013542
103542
301542
031542
035142
305142
503142
053142
350142
530142
510342
150342
051342
501342
105342
015342
315042
135042
531042
351042
153042
513042
523041
253041
352041
532041
235041
325041
320541
230541
032541
302541
203541
023541
053241
503241
305241
035241
530241
350241
250341
520341
025341
205341
502341
052341
452301
542301
245301
425301
524301
254301
253401
523401
325401
235401
532401
352401
342501
432501
234501
324501
423501
243501
543201
453201
354201
534201
435201
345201
045231
405231
504231
054231
450231
540231
542031
452031
254031
524031
425031
245031
205431
025431
520431
250431
052431
502431
402531
042531
240531
420531
024531
204531
304521
034521
430521
340521
043521
403521
405321
045321
540321
450321
054321
504321
534021
354021
453021
543021
345021
435021
035421
305421
503421
053421
350421
530421
230451
320451
023451
203451
302451
032451
034251
304251
403251
043251
340251
430251
420351
240351
042351
402351
204351
024351
324051
234051
432051
342051
243051
423051
123054
213054
312054
132054
231054
321054
320154
230154
032154
302154
203154
023154
013254
103254
301254
031254
130254
310254
210354
120354
021354
201354
102354
012354
512304
152304
251304
521304
125304
215304
213504
123504
321504
231504
132504
312504
352104
532104
235104
325104
523104
253104
153204
513204
315204
135204
531204
351204
051234
501234
105234
015234
510234
150234
152034
512034
215034
125034
521034
251034
201534
021534
120534
210534
012534
102534
502134
052134
250134
520134
025134
205134
305124
035124
530124
350124
053124
503124
501324
051324
150324
510324
015324
105324
135024
315024
513024
153024
351024
531024
031524
301524
103524
013524
310524
130524
230514
320514
023514
203514
302514
032514
035214
305214
503214
053214
350214
530214
520314
250314
052314
502314
205314
025314
325014
235014
532014
352014
253014
523014